h                  -0.100         -0.075         -0.050         -0.025         +0.025         +0.050         +0.075         +0.100
0.005      -9.5038595e-08 -7.6563069e-08 -5.5953778e-08 -3.1839190e-08  4.4221923e-08  1.1106980e-07  2.1786569e-07  3.9106156e-07 202 True
0.0025     -9.6459674e-08 -7.6563063e-08 -5.6664315e-08 -3.1181660e-08  4.5642998e-08  1.1391193e-07  2.2354992e-07  4.0308747e-07 402 True
0.00125    -9.6459672e-08 -7.6563061e-08 -5.6664313e-08 -3.1075625e-08  4.5536962e-08  1.1391192e-07  2.2497098e-07  4.0450848e-07 802 True
0.000625   -9.0987398e-08 -7.9617300e-08 -5.6876381e-08 -3.4129864e-08  4.5536961e-08  1.1391192e-07  2.2191673e-07  4.0450847e-07 1602 True
0.0003125  -9.0987398e-08 -7.9617299e-08 -5.6876381e-08 -3.4129864e-08  4.5536961e-08  1.1391192e-07  2.2802521e-07  4.1019280e-07 3202 True
0.005 +0.1 left e/h 1.7688481947217665e-09 3.8929270735950004e-07 right e/h -3.906290809939803e-07 -8.816892204594618e-10
0.0025 +0.1 left e/h 1.7685548714242016e-09 4.0131891689591277e-07 right e/h -4.02103798709193e-07 -8.815418844406962e-10
0.00125 +0.1 left e/h 1.768481292351145e-09 4.0274000236741115e-07 right e/h -4.018917308230912e-07 -8.815049245485302e-10
0.000625 +0.1 left e/h 1.768462882059926e-09 4.027400023674549e-07 right e/h -4.0757607270921613e-07 -8.814956767143267e-10
0.0003125 +0.1 left e/h 1.768458278513909e-09 4.084243442534476e-07 right e/h -4.075760727091277e-07 -8.814933642615072e-10
